# Mulliken Populations: 
# NSPIN,NATOM
# IAT,NSHELL
# Xiat,Yiat,Ziat (AU)
# QTOT shell charges
# NORB
# orbital charges
         1          8
        12          3
    -1.400     1.400     5.939
    10.035     2.000     7.986     0.050
         9
     2.000     2.000     1.997     1.997     1.992     0.010     0.013     0.013
     0.014
         8          3
     1.400    -1.400     5.939
     9.959     2.007     4.601     3.351
         9
     2.007     1.181     1.134     1.134     1.153     0.812     0.852     0.852
     0.834
        12          3
     1.400    -1.400     1.980
    10.022     2.000     7.985     0.037
         9
     2.000     1.999     1.995     1.995     1.995     0.006     0.009     0.009
     0.012
         8          3
    -1.400     1.400     1.980
     9.984     2.007     4.622     3.356
         9
     2.007     1.175     1.149     1.149     1.148     0.822     0.844     0.844
     0.845
        12          3
    -1.400     1.400    -1.980
    10.022     2.000     7.985     0.037
         9
     2.000     1.999     1.995     1.995     1.995     0.006     0.009     0.009
     0.012
         8          3
     1.400    -1.400    -1.980
     9.984     2.007     4.622     3.356
         9
     2.007     1.175     1.149     1.149     1.148     0.822     0.844     0.844
     0.845
        12          3
     1.400    -1.400    -5.939
    10.035     2.000     7.986     0.050
         9
     2.000     2.000     1.997     1.997     1.992     0.010     0.013     0.013
     0.014
         8          3
    -1.400     1.400    -5.939
     9.959     2.007     4.601     3.351
         9
     2.007     1.181     1.134     1.134     1.153     0.812     0.852     0.852
     0.834
