   2   1   1 E -8.2393496506593E+02 DE 6.5E-10(  5)
  0.296318098730E+01  0.000000000000E+00  0.000000000000E+00
  0.000000000000E+00  0.296318098730E+01  0.000000000000E+00
  0.000000000000E+00  0.000000000000E+00  0.500000000000E+03
   16
  0.100000000000E+01  0.000000000000E+00  0.000000000000E+00
  0.000000000000E+00  0.100000000000E+01  0.000000000000E+00
  0.000000000000E+00  0.000000000000E+00  0.100000000000E+01
  0.000000000000E+00  0.000000000000E+00  0.000000000000E+00
 -0.933926190750E-17 -0.100000000000E+01  0.266366608926E-16
 -0.100000000000E+01 -0.933926190750E-17 -0.266366608926E-16
  0.000000000000E+00  0.000000000000E+00 -0.100000000000E+01
  0.000000000000E+00  0.000000000000E+00  0.000000000000E+00
 -0.100000000000E+01 -0.933926190750E-17 -0.266366608926E-16
 -0.933926190750E-17 -0.100000000000E+01  0.266366608926E-16
  0.000000000000E+00  0.000000000000E+00  0.100000000000E+01
  0.000000000000E+00  0.000000000000E+00  0.000000000000E+00
  0.933926190750E-17  0.100000000000E+01 -0.266366608926E-16
  0.100000000000E+01  0.933926190750E-17  0.266366608926E-16
  0.000000000000E+00  0.000000000000E+00 -0.100000000000E+01
 -0.276739233197E-16  0.276739233197E-16  0.000000000000E+00
 -0.100000000000E+01  0.933926190750E-17 -0.266366608926E-16
 -0.933926190750E-17  0.100000000000E+01 -0.266366608926E-16
  0.000000000000E+00  0.000000000000E+00 -0.100000000000E+01
 -0.276739233197E-16  0.000000000000E+00  0.000000000000E+00
  0.933926190750E-17 -0.100000000000E+01  0.266366608926E-16
  0.100000000000E+01 -0.933926190750E-17  0.266366608926E-16
  0.000000000000E+00  0.000000000000E+00  0.100000000000E+01
  0.276739233197E-16  0.000000000000E+00  0.000000000000E+00
 -0.933926190750E-17  0.100000000000E+01 -0.266366608926E-16
 -0.100000000000E+01  0.933926190750E-17 -0.266366608926E-16
  0.000000000000E+00  0.000000000000E+00  0.100000000000E+01
  0.000000000000E+00 -0.276739233197E-16  0.000000000000E+00
  0.100000000000E+01 -0.933926190750E-17  0.266366608926E-16
  0.933926190750E-17 -0.100000000000E+01  0.266366608926E-16
  0.000000000000E+00  0.000000000000E+00 -0.100000000000E+01
  0.000000000000E+00  0.276739233197E-16  0.000000000000E+00
 -0.100000000000E+01 -0.933926190750E-17 -0.266366608926E-16
 -0.933926190750E-17 -0.100000000000E+01  0.266366608926E-16
  0.000000000000E+00  0.000000000000E+00 -0.100000000000E+01
 -0.276739233197E-16  0.276739233197E-16  0.000000000000E+00
  0.933926190750E-17  0.100000000000E+01 -0.266366608926E-16
  0.100000000000E+01  0.933926190750E-17  0.266366608926E-16
  0.000000000000E+00  0.000000000000E+00  0.100000000000E+01
  0.000000000000E+00  0.000000000000E+00  0.000000000000E+00
  0.100000000000E+01  0.933926190750E-17  0.266366608926E-16
  0.933926190750E-17  0.100000000000E+01 -0.266366608926E-16
  0.000000000000E+00  0.000000000000E+00 -0.100000000000E+01
  0.000000000000E+00  0.000000000000E+00  0.000000000000E+00
 -0.933926190750E-17 -0.100000000000E+01  0.266366608926E-16
 -0.100000000000E+01 -0.933926190750E-17 -0.266366608926E-16
  0.000000000000E+00  0.000000000000E+00  0.100000000000E+01
  0.276739233197E-16 -0.276739233197E-16  0.000000000000E+00
  0.100000000000E+01 -0.933926190750E-17  0.266366608926E-16
  0.933926190750E-17 -0.100000000000E+01  0.266366608926E-16
  0.000000000000E+00  0.000000000000E+00  0.100000000000E+01
  0.276739233197E-16  0.000000000000E+00  0.000000000000E+00
 -0.933926190750E-17  0.100000000000E+01 -0.266366608926E-16
 -0.100000000000E+01  0.933926190750E-17 -0.266366608926E-16
  0.000000000000E+00  0.000000000000E+00 -0.100000000000E+01
 -0.276739233197E-16  0.000000000000E+00  0.000000000000E+00
  0.933926190750E-17 -0.100000000000E+01  0.266366608926E-16
  0.100000000000E+01 -0.933926190750E-17  0.266366608926E-16
  0.000000000000E+00  0.000000000000E+00 -0.100000000000E+01
  0.000000000000E+00  0.276739233197E-16  0.000000000000E+00
 -0.100000000000E+01  0.933926190750E-17 -0.266366608926E-16
 -0.933926190750E-17  0.100000000000E+01 -0.266366608926E-16
  0.000000000000E+00  0.000000000000E+00  0.100000000000E+01
  0.000000000000E+00 -0.276739233197E-16  0.000000000000E+00
    6
   12      1.481590493648      1.481590493648      2.096578483437
    8     -0.000000000000      0.000000000000      2.112702517040
   12      0.000000000000      0.000000000000      0.000000000000
    8      1.481590493648      1.481590493648      0.000000000000
   12      1.481590493648      1.481590493648     -2.096578483437
    8      0.000000000000     -0.000000000000     -2.112702517040
    0    0
