          2          0          4
  2.7998002756158E+00  2.7998002756158E+00  3.9617032239499E+00 -8.9873931216804E-20
  8.9873931216804E-20  3.9923441243560E+00  9.0858848875936E-17  5.2276704512022E-17
  0.0000000000000E+00  2.7998002756158E+00  2.7998002756158E+00  0.0000000000000E+00
  2.7998002756158E+00  2.7998002756158E+00 -3.9617032239499E+00  1.9431613309602E-20
 -1.8169826613856E-16 -3.9923441243560E+00
  3.5269749088214E-01 -2.2308765252619E-01 -2.2308765252619E-01  2.6687524586904E-01
  3.0938781755200E-03  4.6426655093138E-02
  9.4898770597191E-01  3.1531307285643E-01  0.0000000000000E+00  0.0000000000000E+00
  3.4558150494933E-03  4.6546913160966E-02
  1.0082613725904E-04 -4.8649746158068E-05
 -8.2393496780483E+02
  4.0000000000000E+00
