# Mulliken Populations: 
# NSPIN,NATOM
# IAT,NSHELL
# Xiat,Yiat,Ziat (AU)
# QTOT shell charges
# NORB
# orbital charges
         1          6
        12          3
     2.800     2.800     3.962
    10.035     2.000     7.986     0.050
         9
     2.000     2.000     1.997     1.997     1.992     0.010     0.013     0.013
     0.014
         8          3
     0.000     0.000     3.992
     9.957     2.007     4.600     3.350
         9
     2.007     1.182     1.133     1.133     1.152     0.812     0.852     0.852
     0.834
        12          3
     0.000     0.000     0.000
    10.028     2.000     7.985     0.043
         9
     2.000     1.999     1.995     1.995     1.995     0.007     0.010     0.010
     0.017
         8          3
     2.800     2.800     0.000
     9.987     2.007     4.622     3.359
         9
     2.007     1.176     1.149     1.149     1.148     0.822     0.845     0.845
     0.847
        12          3
     2.800     2.800    -3.962
    10.035     2.000     7.986     0.050
         9
     2.000     2.000     1.997     1.997     1.992     0.010     0.013     0.013
     0.014
         8          3
     0.000     0.000    -3.992
     9.957     2.007     4.600     3.350
         9
     2.007     1.182     1.133     1.133     1.152     0.812     0.852     0.852
     0.834
