# Mulliken Populations: 
# NSPIN,NATOM
# IAT,NSHELL
# Xiat,Yiat,Ziat (AU)
# QTOT shell charges
# NORB
# orbital charges
         2         16
         0          4
     0.000     0.000     0.000
     0.911     0.000     0.004    -0.084     0.990
        13
     0.000     0.004     0.000     0.000     0.000    -0.082    -0.001    -0.001
    -0.001     0.997    -0.002    -0.002    -0.002
         9          4
     3.798     3.798    -0.000
     9.988     1.999     3.893     3.209     0.887
        13
     1.999     0.810     1.027     1.027     1.029     1.027     0.728     0.728
     0.727     0.161     0.243     0.243     0.240
         9          4
     3.798    -0.000     3.798
     9.988     1.999     3.893     3.209     0.887
        13
     1.999     0.810     1.027     1.029     1.027     1.027     0.728     0.727
     0.728     0.161     0.243     0.240     0.243
         9          4
     7.597     3.798     3.798
     9.988     1.999     3.893     3.209     0.887
        13
     1.999     0.810     1.029     1.027     1.027     1.027     0.727     0.728
     0.728     0.161     0.240     0.243     0.243
         9          4
    -0.000     3.798     3.798
     9.988     1.999     3.893     3.209     0.887
        13
     1.999     0.810     1.029     1.027     1.027     1.027     0.727     0.728
     0.728     0.161     0.240     0.243     0.243
         9          4
     3.798     7.597     3.798
     9.988     1.999     3.893     3.209     0.887
        13
     1.999     0.810     1.027     1.029     1.027     1.027     0.728     0.727
     0.728     0.161     0.243     0.240     0.243
         9          4
     3.798     3.798     7.597
     9.988     1.999     3.893     3.209     0.887
        13
     1.999     0.810     1.027     1.027     1.029     1.027     0.728     0.728
     0.727     0.161     0.243     0.243     0.240
         9          4
     7.597     7.597     7.597
     9.973     1.999     3.894     3.210     0.871
        13
     1.999     0.809     1.028     1.028     1.028     1.027     0.728     0.728
     0.728     0.155     0.239     0.239     0.239
         3          2
     0.000    -0.000    -3.798
     2.023     1.615     0.408
         5
     1.615     0.371     0.012     0.012     0.013
         3          2
    -3.798    -3.798    -3.798
     2.023     1.615     0.408
         5
     1.615     0.372     0.012     0.012     0.012
         3          2
     3.798    -0.000    -0.000
     2.023     1.615     0.408
         5
     1.615     0.371     0.013     0.012     0.012
         3          2
    -0.000    -3.798    -0.000
     2.023     1.615     0.408
         5
     1.615     0.371     0.012     0.013     0.012
         3          2
     0.000     3.798     0.000
     2.023     1.615     0.408
         5
     1.615     0.371     0.012     0.013     0.012
         3          2
    -3.798     0.000     0.000
     2.023     1.615     0.408
         5
     1.615     0.371     0.013     0.012     0.012
         3          2
     3.798     3.798     3.798
     2.023     1.615     0.408
         5
     1.615     0.372     0.012     0.012     0.012
         3          2
    -0.000     0.000     3.798
     2.023     1.615     0.408
         5
     1.615     0.371     0.012     0.012     0.013
         0          4
     0.000     0.000     0.000
     0.969     0.000     0.005    -0.085     1.049
        13
     0.000     0.005     0.000     0.000     0.000    -0.084    -0.000    -0.000
    -0.000     1.015     0.011     0.011     0.011
         9          4
     3.798     3.798    -0.000
     0.001     0.000     0.009    -0.001    -0.007
        13
     0.000     0.002     0.004     0.004     0.000    -0.000    -0.000    -0.000
    -0.000     0.002    -0.005    -0.005     0.001
         9          4
     3.798    -0.000     3.798
     0.001     0.000     0.009    -0.001    -0.007
        13
     0.000     0.002     0.004     0.000     0.004    -0.000    -0.000    -0.000
    -0.000     0.002    -0.005     0.001    -0.005
         9          4
     7.597     3.798     3.798
     0.001     0.000     0.009    -0.001    -0.007
        13
     0.000     0.002     0.000     0.004     0.004    -0.000    -0.000    -0.000
    -0.000     0.002     0.001    -0.005    -0.005
         9          4
    -0.000     3.798     3.798
     0.001     0.000     0.009    -0.001    -0.007
        13
     0.000     0.002     0.000     0.004     0.004    -0.000    -0.000    -0.000
    -0.000     0.002     0.001    -0.005    -0.005
         9          4
     3.798     7.597     3.798
     0.001     0.000     0.009    -0.001    -0.007
        13
     0.000     0.002     0.004     0.000     0.004    -0.000    -0.000    -0.000
    -0.000     0.002    -0.005     0.001    -0.005
         9          4
     3.798     3.798     7.597
     0.001     0.000     0.009    -0.001    -0.007
        13
     0.000     0.002     0.004     0.004     0.000    -0.000    -0.000    -0.000
    -0.000     0.002    -0.005    -0.005     0.001
         9          4
     7.597     7.597     7.597
    -0.001    -0.000     0.000    -0.000    -0.001
        13
    -0.000     0.000     0.000     0.000     0.000     0.000    -0.000    -0.000
    -0.000    -0.000    -0.000    -0.000    -0.000
         3          2
     0.000    -0.000    -3.798
     0.004     0.001     0.003
         5
     0.001    -0.003     0.000     0.000     0.006
         3          2
    -3.798    -3.798    -3.798
    -0.000     0.000    -0.000
         5
     0.000    -0.000     0.000     0.000     0.000
         3          2
     3.798    -0.000    -0.000
     0.004     0.001     0.003
         5
     0.001    -0.003     0.006     0.000     0.000
         3          2
    -0.000    -3.798    -0.000
     0.004     0.001     0.003
         5
     0.001    -0.003     0.000     0.006     0.000
         3          2
     0.000     3.798     0.000
     0.004     0.001     0.003
         5
     0.001    -0.003     0.000     0.006     0.000
         3          2
    -3.798     0.000     0.000
     0.004     0.001     0.003
         5
     0.001    -0.003     0.006     0.000     0.000
         3          2
     3.798     3.798     3.798
    -0.000     0.000    -0.000
         5
     0.000    -0.000     0.000     0.000     0.000
         3          2
    -0.000     0.000     3.798
     0.004     0.001     0.003
         5
     0.001    -0.003     0.000     0.000     0.006
