# NKPT    30 NBND    35 NSPIN     2
# NPANEL     2
#      1   (0,0,0)/4
#     20   (2,0,2)/4
#     30   (2,1,3)/4
@ WITH G0
@ G0 ON
@ TITLE "ALPHA"
@ DEFAULT COLOR 1
@ XAXIS TICK ON
@ XAXIS TICKLABEL ON
@ XAXIS TICKLABEL CHAR SIZE 0.8
@ XAXIS TICK TYPE SPEC
@ XAXIS TICKLABEL TYPE SPEC
@ XAXIS TICK MAJOR GRID ON
@ YAXIS LABEL "E-EFERMI (HARTREE)"
@ AUTOSCALE ONREAD YAXES
@ AUTOTICKS
@ XAXIS TICK SPEC     3
@ XAXIS TICK     0,     0.00000
@ XAXIS TICKLABEL    0,"(0,0,0)/4"
@ XAXIS TICK     1,     0.41355
@ XAXIS TICKLABEL    1,"(2,0,2)/4"
@ XAXIS TICK     2,     0.62032
@ XAXIS TICKLABEL    2,"(2,1,3)/4"
@ WORLD      0.00000,        -1.4,     0.62032,         0.7
@ VIEW      0.15000,     0.15000,     0.63709,     0.85000
  0.00000E+00 -0.13359E+01 -0.13196E+01 -0.13196E+01 -0.13196E+01 -0.13113E+01 -0.13080E+01 -0.13080E+01 -0.49887E+00 -0.49887E+00 -0.49887E+00 -0.48728E+00 -0.47044E+00 -0.47044E+00 -0.47044E+00 -0.41618E+00 -0.41618E+00 -0.41618E+00 -0.40244E+00 -0.40244E+00 -0.40244E+00 -0.38041E+00 -0.38041E+00 -0.38001E+00 -0.38001E+00 -0.38001E+00 -0.37120E+00 -0.37120E+00 -0.37120E+00 -0.47609E-01  0.46285E+00  0.53920E+00  0.53920E+00  0.53920E+00  0.54123E+00  0.54123E+00
  0.21766E-01 -0.13359E+01 -0.13196E+01 -0.13196E+01 -0.13196E+01 -0.13113E+01 -0.13080E+01 -0.13080E+01 -0.49873E+00 -0.49873E+00 -0.49863E+00 -0.48716E+00 -0.47035E+00 -0.47031E+00 -0.47031E+00 -0.41623E+00 -0.41623E+00 -0.41613E+00 -0.40250E+00 -0.40247E+00 -0.40247E+00 -0.38064E+00 -0.38041E+00 -0.38019E+00 -0.38019E+00 -0.38003E+00 -0.37139E+00 -0.37125E+00 -0.37125E+00 -0.47329E-01  0.46307E+00  0.53449E+00  0.53449E+00  0.53927E+00  0.54067E+00  0.54598E+00
  0.43531E-01 -0.13358E+01 -0.13196E+01 -0.13196E+01 -0.13196E+01 -0.13114E+01 -0.13082E+01 -0.13080E+01 -0.49834E+00 -0.49834E+00 -0.49794E+00 -0.48679E+00 -0.47009E+00 -0.46995E+00 -0.46995E+00 -0.41638E+00 -0.41638E+00 -0.41597E+00 -0.40267E+00 -0.40256E+00 -0.40256E+00 -0.38133E+00 -0.38073E+00 -0.38073E+00 -0.38039E+00 -0.38006E+00 -0.37198E+00 -0.37143E+00 -0.37143E+00 -0.46490E-01  0.46373E+00  0.52900E+00  0.52900E+00  0.53899E+00  0.53950E+00  0.55160E+00
  0.65297E-01 -0.13356E+01 -0.13196E+01 -0.13195E+01 -0.13195E+01 -0.13114E+01 -0.13084E+01 -0.13081E+01 -0.49768E+00 -0.49768E+00 -0.49680E+00 -0.48618E+00 -0.46968E+00 -0.46939E+00 -0.46939E+00 -0.41666E+00 -0.41666E+00 -0.41571E+00 -0.40297E+00 -0.40271E+00 -0.40271E+00 -0.38246E+00 -0.38162E+00 -0.38162E+00 -0.38037E+00 -0.38013E+00 -0.37297E+00 -0.37174E+00 -0.37174E+00 -0.45105E-01  0.46481E+00  0.52365E+00  0.52365E+00  0.53631E+00  0.53994E+00  0.55721E+00
  0.87063E-01 -0.13354E+01 -0.13195E+01 -0.13195E+01 -0.13195E+01 -0.13116E+01 -0.13087E+01 -0.13081E+01 -0.49678E+00 -0.49678E+00 -0.49522E+00 -0.48532E+00 -0.46916E+00 -0.46865E+00 -0.46865E+00 -0.41709E+00 -0.41709E+00 -0.41535E+00 -0.40340E+00 -0.40289E+00 -0.40289E+00 -0.38403E+00 -0.38285E+00 -0.38285E+00 -0.38034E+00 -0.38021E+00 -0.37435E+00 -0.37217E+00 -0.37217E+00 -0.43195E-01  0.46625E+00  0.51854E+00  0.51854E+00  0.53277E+00  0.54067E+00  0.56279E+00
  0.10883E+00 -0.13350E+01 -0.13195E+01 -0.13194E+01 -0.13194E+01 -0.13118E+01 -0.13091E+01 -0.13082E+01 -0.49563E+00 -0.49563E+00 -0.49323E+00 -0.48423E+00 -0.46854E+00 -0.46775E+00 -0.46775E+00 -0.41772E+00 -0.41772E+00 -0.41492E+00 -0.40395E+00 -0.40308E+00 -0.40308E+00 -0.38601E+00 -0.38439E+00 -0.38439E+00 -0.38031E+00 -0.38030E+00 -0.37612E+00 -0.37273E+00 -0.37273E+00 -0.40794E-01  0.46796E+00  0.51373E+00  0.51373E+00  0.52862E+00  0.54176E+00  0.56836E+00
  0.13059E+00 -0.13347E+01 -0.13194E+01 -0.13194E+01 -0.13194E+01 -0.13120E+01 -0.13094E+01 -0.13082E+01 -0.49424E+00 -0.49424E+00 -0.49084E+00 -0.48290E+00 -0.46785E+00 -0.46669E+00 -0.46669E+00 -0.41857E+00 -0.41857E+00 -0.41442E+00 -0.40462E+00 -0.40326E+00 -0.40326E+00 -0.38837E+00 -0.38621E+00 -0.38621E+00 -0.38043E+00 -0.38026E+00 -0.37828E+00 -0.37340E+00 -0.37340E+00 -0.37948E-01  0.46971E+00  0.50925E+00  0.50925E+00  0.52421E+00  0.54328E+00  0.57395E+00
  0.15236E+00 -0.13342E+01 -0.13193E+01 -0.13193E+01 -0.13193E+01 -0.13124E+01 -0.13098E+01 -0.13083E+01 -0.49262E+00 -0.49262E+00 -0.48807E+00 -0.48133E+00 -0.46711E+00 -0.46548E+00 -0.46548E+00 -0.41967E+00 -0.41967E+00 -0.41386E+00 -0.40539E+00 -0.40342E+00 -0.40342E+00 -0.39108E+00 -0.38824E+00 -0.38824E+00 -0.38081E+00 -0.38056E+00 -0.38021E+00 -0.37417E+00 -0.37417E+00 -0.34718E-01  0.47118E+00  0.50514E+00  0.50514E+00  0.52002E+00  0.54527E+00  0.57957E+00
  0.17413E+00 -0.13337E+01 -0.13193E+01 -0.13192E+01 -0.13192E+01 -0.13130E+01 -0.13101E+01 -0.13083E+01 -0.49077E+00 -0.49077E+00 -0.48496E+00 -0.47955E+00 -0.46631E+00 -0.46415E+00 -0.46415E+00 -0.42102E+00 -0.42102E+00 -0.41327E+00 -0.40622E+00 -0.40362E+00 -0.40362E+00 -0.39410E+00 -0.39039E+00 -0.39039E+00 -0.38370E+00 -0.38070E+00 -0.38016E+00 -0.37503E+00 -0.37503E+00 -0.31176E-01  0.47186E+00  0.50138E+00  0.50138E+00  0.51670E+00  0.54774E+00  0.58523E+00
  0.19589E+00 -0.13331E+01 -0.13192E+01 -0.13191E+01 -0.13191E+01 -0.13136E+01 -0.13103E+01 -0.13084E+01 -0.48872E+00 -0.48872E+00 -0.48153E+00 -0.47754E+00 -0.46546E+00 -0.46270E+00 -0.46270E+00 -0.42260E+00 -0.42260E+00 -0.41266E+00 -0.40710E+00 -0.40396E+00 -0.40396E+00 -0.39739E+00 -0.39248E+00 -0.39248E+00 -0.38693E+00 -0.38084E+00 -0.38011E+00 -0.37597E+00 -0.37597E+00 -0.27405E-01  0.47118E+00  0.49799E+00  0.49799E+00  0.51497E+00  0.55065E+00  0.59093E+00
  0.21766E+00 -0.13324E+01 -0.13191E+01 -0.13190E+01 -0.13190E+01 -0.13144E+01 -0.13105E+01 -0.13085E+01 -0.48646E+00 -0.48646E+00 -0.47784E+00 -0.47534E+00 -0.46456E+00 -0.46117E+00 -0.46117E+00 -0.42437E+00 -0.42437E+00 -0.41204E+00 -0.40799E+00 -0.40467E+00 -0.40467E+00 -0.40089E+00 -0.39426E+00 -0.39426E+00 -0.39047E+00 -0.38098E+00 -0.38006E+00 -0.37697E+00 -0.37697E+00 -0.23499E-01  0.46885E+00  0.49495E+00  0.49495E+00  0.51526E+00  0.55395E+00  0.59665E+00
  0.23942E+00 -0.13317E+01 -0.13190E+01 -0.13189E+01 -0.13189E+01 -0.13153E+01 -0.13106E+01 -0.13086E+01 -0.48403E+00 -0.48403E+00 -0.47396E+00 -0.47295E+00 -0.46357E+00 -0.45961E+00 -0.45961E+00 -0.42626E+00 -0.42626E+00 -0.41145E+00 -0.40888E+00 -0.40600E+00 -0.40600E+00 -0.40457E+00 -0.39544E+00 -0.39544E+00 -0.39431E+00 -0.38111E+00 -0.38001E+00 -0.37803E+00 -0.37803E+00 -0.19561E-01  0.46509E+00  0.49224E+00  0.49224E+00  0.51748E+00  0.55755E+00  0.60232E+00
  0.26119E+00 -0.13310E+01 -0.13190E+01 -0.13188E+01 -0.13188E+01 -0.13162E+01 -0.13107E+01 -0.13086E+01 -0.48144E+00 -0.48144E+00 -0.47039E+00 -0.47008E+00 -0.46235E+00 -0.45808E+00 -0.45808E+00 -0.42818E+00 -0.42818E+00 -0.41088E+00 -0.40973E+00 -0.40834E+00 -0.40805E+00 -0.40805E+00 -0.39840E+00 -0.39591E+00 -0.39591E+00 -0.38124E+00 -0.37996E+00 -0.37913E+00 -0.37913E+00 -0.15700E-01  0.46044E+00  0.48986E+00  0.48986E+00  0.52118E+00  0.56134E+00  0.60789E+00
  0.28295E+00 -0.13302E+01 -0.13189E+01 -0.13187E+01 -0.13187E+01 -0.13173E+01 -0.13108E+01 -0.13087E+01 -0.47870E+00 -0.47870E+00 -0.46772E+00 -0.46665E+00 -0.46051E+00 -0.45671E+00 -0.45671E+00 -0.42999E+00 -0.42999E+00 -0.41215E+00 -0.41062E+00 -0.41062E+00 -0.41057E+00 -0.41036E+00 -0.40270E+00 -0.39582E+00 -0.39582E+00 -0.38135E+00 -0.38026E+00 -0.38026E+00 -0.37992E+00 -0.12032E-01  0.45548E+00  0.48780E+00  0.48780E+00  0.52585E+00  0.56518E+00  0.61324E+00
  0.30472E+00 -0.13293E+01 -0.13188E+01 -0.13187E+01 -0.13187E+01 -0.13183E+01 -0.13109E+01 -0.13087E+01 -0.47586E+00 -0.47586E+00 -0.46497E+00 -0.46436E+00 -0.45741E+00 -0.45567E+00 -0.45567E+00 -0.43149E+00 -0.43149E+00 -0.41592E+00 -0.41350E+00 -0.41350E+00 -0.41145E+00 -0.40989E+00 -0.40707E+00 -0.39538E+00 -0.39538E+00 -0.38145E+00 -0.38138E+00 -0.38138E+00 -0.37988E+00 -0.86718E-02  0.45066E+00  0.48605E+00  0.48605E+00  0.53108E+00  0.56890E+00  0.61826E+00
  0.32648E+00 -0.13284E+01 -0.13193E+01 -0.13188E+01 -0.13186E+01 -0.13186E+01 -0.13109E+01 -0.13088E+01 -0.47296E+00 -0.47296E+00 -0.46309E+00 -0.46223E+00 -0.45518E+00 -0.45518E+00 -0.45323E+00 -0.43244E+00 -0.43244E+00 -0.41952E+00 -0.41650E+00 -0.41650E+00 -0.41325E+00 -0.41059E+00 -0.40950E+00 -0.39475E+00 -0.39475E+00 -0.38248E+00 -0.38248E+00 -0.38153E+00 -0.37985E+00 -0.57340E-02  0.44631E+00  0.48462E+00  0.48462E+00  0.53646E+00  0.57233E+00  0.62277E+00
  0.34825E+00 -0.13275E+01 -0.13204E+01 -0.13187E+01 -0.13185E+01 -0.13185E+01 -0.13110E+01 -0.13088E+01 -0.47004E+00 -0.47004E+00 -0.46233E+00 -0.45964E+00 -0.45542E+00 -0.45542E+00 -0.44855E+00 -0.43262E+00 -0.43262E+00 -0.42281E+00 -0.41949E+00 -0.41949E+00 -0.41741E+00 -0.41176E+00 -0.40919E+00 -0.39404E+00 -0.39404E+00 -0.38351E+00 -0.38351E+00 -0.38159E+00 -0.37983E+00 -0.33232E-02  0.44269E+00  0.48351E+00  0.48351E+00  0.54158E+00  0.57527E+00  0.62661E+00
  0.37002E+00 -0.13266E+01 -0.13214E+01 -0.13187E+01 -0.13185E+01 -0.13185E+01 -0.13110E+01 -0.13089E+01 -0.46721E+00 -0.46721E+00 -0.46184E+00 -0.45740E+00 -0.45643E+00 -0.45643E+00 -0.44370E+00 -0.43198E+00 -0.43198E+00 -0.42557E+00 -0.42236E+00 -0.42236E+00 -0.42218E+00 -0.41224E+00 -0.40896E+00 -0.39337E+00 -0.39337E+00 -0.38439E+00 -0.38439E+00 -0.38164E+00 -0.37981E+00 -0.15299E-02  0.43997E+00  0.48271E+00  0.48271E+00  0.54595E+00  0.57754E+00  0.62513E+00
  0.39178E+00 -0.13258E+01 -0.13222E+01 -0.13187E+01 -0.13185E+01 -0.13185E+01 -0.13110E+01 -0.13089E+01 -0.46468E+00 -0.46468E+00 -0.46157E+00 -0.45793E+00 -0.45793E+00 -0.45582E+00 -0.43900E+00 -0.43074E+00 -0.43074E+00 -0.42746E+00 -0.42685E+00 -0.42488E+00 -0.42488E+00 -0.41250E+00 -0.40882E+00 -0.39286E+00 -0.39286E+00 -0.38501E+00 -0.38501E+00 -0.38167E+00 -0.37980E+00 -0.42422E-03  0.43829E+00  0.48223E+00  0.48223E+00  0.54896E+00  0.57897E+00  0.62160E+00
  0.41355E+00 -0.13255E+01 -0.13226E+01 -0.13187E+01 -0.13185E+01 -0.13185E+01 -0.13110E+01 -0.13089E+01 -0.46337E+00 -0.46337E+00 -0.46148E+00 -0.45891E+00 -0.45891E+00 -0.45523E+00 -0.43612E+00 -0.42982E+00 -0.42982E+00 -0.42972E+00 -0.42815E+00 -0.42621E+00 -0.42621E+00 -0.41258E+00 -0.40877E+00 -0.39267E+00 -0.39267E+00 -0.38524E+00 -0.38524E+00 -0.38168E+00 -0.37980E+00 -0.50581E-04  0.43773E+00  0.48207E+00  0.48207E+00  0.55004E+00  0.57946E+00  0.62034E+00
  0.43531E+00 -0.13254E+01 -0.13226E+01 -0.13192E+01 -0.13184E+01 -0.13179E+01 -0.13110E+01 -0.13089E+01 -0.46332E+00 -0.46327E+00 -0.46161E+00 -0.45891E+00 -0.45870E+00 -0.45516E+00 -0.43642E+00 -0.43187E+00 -0.43131E+00 -0.42848E+00 -0.42624E+00 -0.42609E+00 -0.42606E+00 -0.41240E+00 -0.40859E+00 -0.39279E+00 -0.39252E+00 -0.38548E+00 -0.38535E+00 -0.38169E+00 -0.37976E+00 -0.49824E-04  0.43790E+00  0.48159E+00  0.48207E+00  0.55016E+00  0.58005E+00  0.62027E+00
  0.45599E+00 -0.13254E+01 -0.13226E+01 -0.13198E+01 -0.13184E+01 -0.13172E+01 -0.13111E+01 -0.13090E+01 -0.46318E+00 -0.46296E+00 -0.46192E+00 -0.45891E+00 -0.45815E+00 -0.45492E+00 -0.43724E+00 -0.43454E+00 -0.43301E+00 -0.42750E+00 -0.42631E+00 -0.42565E+00 -0.42338E+00 -0.41185E+00 -0.40806E+00 -0.39313E+00 -0.39207E+00 -0.38614E+00 -0.38567E+00 -0.38170E+00 -0.37967E+00 -0.47485E-04  0.43844E+00  0.48021E+00  0.48208E+00  0.55050E+00  0.58175E+00  0.62004E+00
  0.47667E+00 -0.13253E+01 -0.13227E+01 -0.13204E+01 -0.13183E+01 -0.13166E+01 -0.13111E+01 -0.13092E+01 -0.46294E+00 -0.46245E+00 -0.46228E+00 -0.45893E+00 -0.45741E+00 -0.45452E+00 -0.43843E+00 -0.43720E+00 -0.43483E+00 -0.42685E+00 -0.42642E+00 -0.42515E+00 -0.42066E+00 -0.41094E+00 -0.40720E+00 -0.39370E+00 -0.39136E+00 -0.38713E+00 -0.38620E+00 -0.38173E+00 -0.37963E+00 -0.43422E-04  0.43933E+00  0.47804E+00  0.48208E+00  0.55106E+00  0.58442E+00  0.61965E+00
  0.49734E+00 -0.13252E+01 -0.13227E+01 -0.13210E+01 -0.13182E+01 -0.13159E+01 -0.13111E+01 -0.13094E+01 -0.46263E+00 -0.46262E+00 -0.46174E+00 -0.45897E+00 -0.45652E+00 -0.45396E+00 -0.43984E+00 -0.43982E+00 -0.43671E+00 -0.42656E+00 -0.42652E+00 -0.42465E+00 -0.41797E+00 -0.40970E+00 -0.40606E+00 -0.39448E+00 -0.39044E+00 -0.38838E+00 -0.38692E+00 -0.38177E+00 -0.37969E+00 -0.37586E-04  0.44058E+00  0.47527E+00  0.48209E+00  0.55179E+00  0.58783E+00  0.61908E+00
  0.51802E+00 -0.13250E+01 -0.13228E+01 -0.13215E+01 -0.13181E+01 -0.13152E+01 -0.13112E+01 -0.13097E+01 -0.46292E+00 -0.46226E+00 -0.46083E+00 -0.45904E+00 -0.45552E+00 -0.45323E+00 -0.44236E+00 -0.44137E+00 -0.43860E+00 -0.42671E+00 -0.42642E+00 -0.42421E+00 -0.41533E+00 -0.40820E+00 -0.40470E+00 -0.39549E+00 -0.38984E+00 -0.38936E+00 -0.38783E+00 -0.38181E+00 -0.37989E+00 -0.30198E-04  0.44216E+00  0.47208E+00  0.48210E+00  0.55264E+00  0.59173E+00  0.61832E+00
  0.53870E+00 -0.13248E+01 -0.13229E+01 -0.13220E+01 -0.13180E+01 -0.13145E+01 -0.13113E+01 -0.13101E+01 -0.46317E+00 -0.46184E+00 -0.45973E+00 -0.45916E+00 -0.45443E+00 -0.45235E+00 -0.44481E+00 -0.44295E+00 -0.44047E+00 -0.42685E+00 -0.42649E+00 -0.42386E+00 -0.41276E+00 -0.40650E+00 -0.40318E+00 -0.39670E+00 -0.39144E+00 -0.38890E+00 -0.38817E+00 -0.38185E+00 -0.38026E+00 -0.21864E-04  0.44408E+00  0.46863E+00  0.48211E+00  0.55355E+00  0.59585E+00  0.61733E+00
  0.55938E+00 -0.13246E+01 -0.13229E+01 -0.13225E+01 -0.13179E+01 -0.13139E+01 -0.13113E+01 -0.13105E+01 -0.46336E+00 -0.46141E+00 -0.45933E+00 -0.45844E+00 -0.45324E+00 -0.45130E+00 -0.44715E+00 -0.44455E+00 -0.44230E+00 -0.42698E+00 -0.42664E+00 -0.42361E+00 -0.41029E+00 -0.40467E+00 -0.40160E+00 -0.39810E+00 -0.39317E+00 -0.39008E+00 -0.38694E+00 -0.38189E+00 -0.38081E+00 -0.13546E-04  0.44632E+00  0.46507E+00  0.48212E+00  0.55443E+00  0.59995E+00  0.61433E+00
  0.58005E+00 -0.13243E+01 -0.13230E+01 -0.13229E+01 -0.13178E+01 -0.13133E+01 -0.13113E+01 -0.13110E+01 -0.46350E+00 -0.46097E+00 -0.45955E+00 -0.45699E+00 -0.45197E+00 -0.45011E+00 -0.44936E+00 -0.44613E+00 -0.44406E+00 -0.42706E+00 -0.42680E+00 -0.42343E+00 -0.40794E+00 -0.40275E+00 -0.40007E+00 -0.39969E+00 -0.39500E+00 -0.39129E+00 -0.38570E+00 -0.38191E+00 -0.38152E+00 -0.64157E-05  0.44886E+00  0.46152E+00  0.48213E+00  0.55517E+00  0.60379E+00  0.61196E+00
  0.60073E+00 -0.13240E+01 -0.13233E+01 -0.13230E+01 -0.13177E+01 -0.13126E+01 -0.13115E+01 -0.13114E+01 -0.46358E+00 -0.46055E+00 -0.45983E+00 -0.45540E+00 -0.45141E+00 -0.45064E+00 -0.44878E+00 -0.44765E+00 -0.44574E+00 -0.42709E+00 -0.42695E+00 -0.42333E+00 -0.40576E+00 -0.40142E+00 -0.40080E+00 -0.39881E+00 -0.39689E+00 -0.39236E+00 -0.38451E+00 -0.38239E+00 -0.38193E+00 -0.15933E-05  0.45169E+00  0.45806E+00  0.48213E+00  0.55567E+00  0.60721E+00  0.61043E+00
  0.62141E+00 -0.13237E+01 -0.13237E+01 -0.13230E+01 -0.13177E+01 -0.13120E+01 -0.13120E+01 -0.13114E+01 -0.46361E+00 -0.46017E+00 -0.46017E+00 -0.45415E+00 -0.45281E+00 -0.44949E+00 -0.44887E+00 -0.44732E+00 -0.44732E+00 -0.42705E+00 -0.42705E+00 -0.42330E+00 -0.40426E+00 -0.40276E+00 -0.39884E+00 -0.39884E+00 -0.39826E+00 -0.39283E+00 -0.38339E+00 -0.38339E+00 -0.38194E+00  0.11222E-06  0.45477E+00  0.45477E+00  0.48213E+00  0.55585E+00  0.60990E+00  0.61013E+00
# EFERMI (HARTREE)   -0.13348
@ WITH G1
@ G1 ON
@ TITLE "BETA"
@ DEFAULT COLOR 1
@ XAXIS TICK ON
@ XAXIS TICKLABEL ON
@ XAXIS TICKLABEL CHAR SIZE 0.8
@ XAXIS TICK TYPE SPEC
@ XAXIS TICKLABEL TYPE SPEC
@ XAXIS TICK MAJOR GRID ON
@ YAXIS TICKLABEL PLACE OPPOSITE
@ AUTOSCALE ONREAD NONE
@ AUTOTICKS
@ XAXIS TICK SPEC     3
@ XAXIS TICK     0,     0.00000
@ XAXIS TICKLABEL    0,"(0,0,0)/4"
@ XAXIS TICK     1,     0.41355
@ XAXIS TICKLABEL    1,"(2,0,2)/4"
@ XAXIS TICK     2,     0.62032
@ XAXIS TICKLABEL    2,"(2,1,3)/4"
@ WORLD      0.00000,        -1.4,     0.62032,         0.7
@ VIEW      0.65709,     0.15000,     1.14418,     0.85000
  0.00000E+00 -0.13346E+01 -0.13171E+01 -0.13171E+01 -0.13171E+01 -0.13109E+01 -0.13053E+01 -0.13053E+01 -0.49794E+00 -0.49794E+00 -0.49794E+00 -0.48659E+00 -0.46511E+00 -0.46511E+00 -0.46511E+00 -0.41384E+00 -0.41384E+00 -0.41384E+00 -0.40076E+00 -0.40076E+00 -0.40076E+00 -0.37962E+00 -0.37962E+00 -0.37723E+00 -0.37723E+00 -0.37723E+00 -0.37043E+00 -0.37043E+00 -0.37043E+00  0.33095E+00  0.47328E+00  0.54495E+00  0.54495E+00  0.54495E+00  0.60160E+00  0.60160E+00
  0.21766E-01 -0.13345E+01 -0.13171E+01 -0.13171E+01 -0.13171E+01 -0.13109E+01 -0.13054E+01 -0.13053E+01 -0.49781E+00 -0.49781E+00 -0.49771E+00 -0.48647E+00 -0.46503E+00 -0.46501E+00 -0.46501E+00 -0.41388E+00 -0.41388E+00 -0.41377E+00 -0.40082E+00 -0.40080E+00 -0.40080E+00 -0.37985E+00 -0.37961E+00 -0.37741E+00 -0.37741E+00 -0.37723E+00 -0.37062E+00 -0.37049E+00 -0.37049E+00  0.33119E+00  0.47348E+00  0.54462E+00  0.54462E+00  0.54499E+00  0.60098E+00  0.60196E+00
  0.43531E-01 -0.13344E+01 -0.13170E+01 -0.13170E+01 -0.13170E+01 -0.13110E+01 -0.13055E+01 -0.13053E+01 -0.49742E+00 -0.49742E+00 -0.49703E+00 -0.48610E+00 -0.46479E+00 -0.46473E+00 -0.46473E+00 -0.41401E+00 -0.41401E+00 -0.41358E+00 -0.40101E+00 -0.40091E+00 -0.40091E+00 -0.38054E+00 -0.37960E+00 -0.37793E+00 -0.37793E+00 -0.37723E+00 -0.37119E+00 -0.37066E+00 -0.37066E+00  0.33189E+00  0.47411E+00  0.54370E+00  0.54370E+00  0.54515E+00  0.59914E+00  0.60301E+00
  0.65297E-01 -0.13342E+01 -0.13170E+01 -0.13170E+01 -0.13170E+01 -0.13110E+01 -0.13057E+01 -0.13054E+01 -0.49678E+00 -0.49678E+00 -0.49591E+00 -0.48548E+00 -0.46439E+00 -0.46426E+00 -0.46426E+00 -0.41426E+00 -0.41426E+00 -0.41327E+00 -0.40131E+00 -0.40107E+00 -0.40107E+00 -0.38168E+00 -0.37958E+00 -0.37879E+00 -0.37879E+00 -0.37722E+00 -0.37213E+00 -0.37094E+00 -0.37094E+00  0.33306E+00  0.47516E+00  0.54235E+00  0.54235E+00  0.54550E+00  0.59614E+00  0.60463E+00
  0.87063E-01 -0.13340E+01 -0.13170E+01 -0.13170E+01 -0.13170E+01 -0.13111E+01 -0.13060E+01 -0.13054E+01 -0.49588E+00 -0.49588E+00 -0.49436E+00 -0.48463E+00 -0.46384E+00 -0.46361E+00 -0.46361E+00 -0.41467E+00 -0.41467E+00 -0.41284E+00 -0.40174E+00 -0.40124E+00 -0.40124E+00 -0.38325E+00 -0.37999E+00 -0.37999E+00 -0.37955E+00 -0.37720E+00 -0.37346E+00 -0.37134E+00 -0.37134E+00  0.33469E+00  0.47664E+00  0.54076E+00  0.54076E+00  0.54610E+00  0.59210E+00  0.60669E+00
  0.10883E+00 -0.13336E+01 -0.13169E+01 -0.13169E+01 -0.13169E+01 -0.13113E+01 -0.13064E+01 -0.13055E+01 -0.49474E+00 -0.49474E+00 -0.49239E+00 -0.48353E+00 -0.46314E+00 -0.46278E+00 -0.46278E+00 -0.41526E+00 -0.41526E+00 -0.41232E+00 -0.40228E+00 -0.40138E+00 -0.40138E+00 -0.38523E+00 -0.38151E+00 -0.38151E+00 -0.37952E+00 -0.37719E+00 -0.37516E+00 -0.37185E+00 -0.37185E+00  0.33678E+00  0.47855E+00  0.53913E+00  0.53913E+00  0.54706E+00  0.58717E+00  0.60908E+00
  0.13059E+00 -0.13332E+01 -0.13169E+01 -0.13168E+01 -0.13168E+01 -0.13115E+01 -0.13069E+01 -0.13056E+01 -0.49335E+00 -0.49335E+00 -0.49002E+00 -0.48219E+00 -0.46231E+00 -0.46180E+00 -0.46180E+00 -0.41610E+00 -0.41610E+00 -0.41170E+00 -0.40294E+00 -0.40145E+00 -0.40145E+00 -0.38760E+00 -0.38332E+00 -0.38332E+00 -0.37948E+00 -0.37723E+00 -0.37717E+00 -0.37247E+00 -0.37247E+00  0.33930E+00  0.48086E+00  0.53759E+00  0.53759E+00  0.54846E+00  0.58153E+00  0.61171E+00
  0.15236E+00 -0.13327E+01 -0.13168E+01 -0.13168E+01 -0.13168E+01 -0.13118E+01 -0.13073E+01 -0.13057E+01 -0.49173E+00 -0.49173E+00 -0.48728E+00 -0.48062E+00 -0.46134E+00 -0.46066E+00 -0.46066E+00 -0.41719E+00 -0.41719E+00 -0.41102E+00 -0.40369E+00 -0.40144E+00 -0.40144E+00 -0.39031E+00 -0.38537E+00 -0.38537E+00 -0.37967E+00 -0.37943E+00 -0.37715E+00 -0.37319E+00 -0.37319E+00  0.34223E+00  0.48351E+00  0.53624E+00  0.53624E+00  0.55032E+00  0.57541E+00  0.61454E+00
  0.17413E+00 -0.13322E+01 -0.13167E+01 -0.13167E+01 -0.13167E+01 -0.13122E+01 -0.13078E+01 -0.13058E+01 -0.48988E+00 -0.48988E+00 -0.48420E+00 -0.47883E+00 -0.46025E+00 -0.45940E+00 -0.45940E+00 -0.41854E+00 -0.41854E+00 -0.41028E+00 -0.40453E+00 -0.40136E+00 -0.40136E+00 -0.39334E+00 -0.38759E+00 -0.38759E+00 -0.38246E+00 -0.37939E+00 -0.37712E+00 -0.37399E+00 -0.37399E+00  0.34553E+00  0.48642E+00  0.53511E+00  0.53511E+00  0.55268E+00  0.56906E+00  0.61752E+00
  0.19589E+00 -0.13316E+01 -0.13166E+01 -0.13166E+01 -0.13166E+01 -0.13126E+01 -0.13082E+01 -0.13059E+01 -0.48782E+00 -0.48782E+00 -0.48082E+00 -0.47682E+00 -0.45904E+00 -0.45804E+00 -0.45804E+00 -0.42012E+00 -0.42012E+00 -0.40951E+00 -0.40545E+00 -0.40129E+00 -0.40129E+00 -0.39663E+00 -0.38987E+00 -0.38987E+00 -0.38557E+00 -0.37934E+00 -0.37710E+00 -0.37488E+00 -0.37488E+00  0.34917E+00  0.48942E+00  0.53421E+00  0.53421E+00  0.55551E+00  0.56276E+00  0.62065E+00
  0.21766E+00 -0.13309E+01 -0.13166E+01 -0.13165E+01 -0.13165E+01 -0.13132E+01 -0.13086E+01 -0.13060E+01 -0.48555E+00 -0.48555E+00 -0.47718E+00 -0.47461E+00 -0.45772E+00 -0.45662E+00 -0.45662E+00 -0.42187E+00 -0.42187E+00 -0.40872E+00 -0.40644E+00 -0.40143E+00 -0.40143E+00 -0.40014E+00 -0.39197E+00 -0.39197E+00 -0.38899E+00 -0.37929E+00 -0.37708E+00 -0.37584E+00 -0.37584E+00  0.35308E+00  0.49230E+00  0.53353E+00  0.53353E+00  0.55685E+00  0.55874E+00  0.62389E+00
  0.23942E+00 -0.13301E+01 -0.13165E+01 -0.13165E+01 -0.13165E+01 -0.13140E+01 -0.13089E+01 -0.13061E+01 -0.48310E+00 -0.48310E+00 -0.47337E+00 -0.47221E+00 -0.45627E+00 -0.45521E+00 -0.45521E+00 -0.42371E+00 -0.42371E+00 -0.40795E+00 -0.40748E+00 -0.40381E+00 -0.40211E+00 -0.40211E+00 -0.39353E+00 -0.39353E+00 -0.39269E+00 -0.37925E+00 -0.37706E+00 -0.37687E+00 -0.37687E+00  0.35721E+00  0.49471E+00  0.53303E+00  0.53303E+00  0.55175E+00  0.56230E+00  0.62722E+00
  0.26119E+00 -0.13293E+01 -0.13164E+01 -0.13164E+01 -0.13164E+01 -0.13148E+01 -0.13091E+01 -0.13062E+01 -0.48047E+00 -0.48047E+00 -0.46965E+00 -0.46948E+00 -0.45466E+00 -0.45391E+00 -0.45391E+00 -0.42553E+00 -0.42553E+00 -0.40855E+00 -0.40759E+00 -0.40721E+00 -0.40365E+00 -0.40365E+00 -0.39661E+00 -0.39423E+00 -0.39423E+00 -0.37921E+00 -0.37795E+00 -0.37795E+00 -0.37704E+00  0.36144E+00  0.49625E+00  0.53266E+00  0.53266E+00  0.54793E+00  0.56606E+00  0.63059E+00
  0.28295E+00 -0.13284E+01 -0.13163E+01 -0.13163E+01 -0.13163E+01 -0.13157E+01 -0.13093E+01 -0.13063E+01 -0.47770E+00 -0.47770E+00 -0.46697E+00 -0.46568E+00 -0.45287E+00 -0.45287E+00 -0.45279E+00 -0.42714E+00 -0.42714E+00 -0.41140E+00 -0.40968E+00 -0.40651E+00 -0.40595E+00 -0.40595E+00 -0.40069E+00 -0.39414E+00 -0.39414E+00 -0.37917E+00 -0.37908E+00 -0.37908E+00 -0.37703E+00  0.36568E+00  0.49656E+00  0.53241E+00  0.53241E+00  0.54580E+00  0.56989E+00  0.63394E+00
  0.30472E+00 -0.13275E+01 -0.13167E+01 -0.13163E+01 -0.13162E+01 -0.13162E+01 -0.13095E+01 -0.13064E+01 -0.47481E+00 -0.47481E+00 -0.46422E+00 -0.46220E+00 -0.45228E+00 -0.45228E+00 -0.45049E+00 -0.42832E+00 -0.42832E+00 -0.41517E+00 -0.41097E+00 -0.40866E+00 -0.40866E+00 -0.40589E+00 -0.40477E+00 -0.39359E+00 -0.39359E+00 -0.38023E+00 -0.38023E+00 -0.37913E+00 -0.37701E+00  0.36979E+00  0.49554E+00  0.53223E+00  0.53223E+00  0.54545E+00  0.57362E+00  0.63717E+00
  0.32648E+00 -0.13265E+01 -0.13177E+01 -0.13162E+01 -0.13162E+01 -0.13162E+01 -0.13096E+01 -0.13065E+01 -0.47183E+00 -0.47183E+00 -0.46147E+00 -0.45935E+00 -0.45235E+00 -0.45235E+00 -0.44755E+00 -0.42887E+00 -0.42887E+00 -0.41878E+00 -0.41291E+00 -0.41154E+00 -0.41154E+00 -0.40827E+00 -0.40536E+00 -0.39279E+00 -0.39279E+00 -0.38139E+00 -0.38139E+00 -0.37911E+00 -0.37700E+00  0.37358E+00  0.49353E+00  0.53211E+00  0.53211E+00  0.54654E+00  0.57706E+00  0.64016E+00
  0.34825E+00 -0.13255E+01 -0.13188E+01 -0.13162E+01 -0.13161E+01 -0.13161E+01 -0.13097E+01 -0.13065E+01 -0.46881E+00 -0.46881E+00 -0.45887E+00 -0.45727E+00 -0.45320E+00 -0.45320E+00 -0.44389E+00 -0.42864E+00 -0.42864E+00 -0.42208E+00 -0.41631E+00 -0.41442E+00 -0.41442E+00 -0.41031E+00 -0.40493E+00 -0.39188E+00 -0.39188E+00 -0.38251E+00 -0.38251E+00 -0.37908E+00 -0.37699E+00  0.37688E+00  0.49113E+00  0.53202E+00  0.53202E+00  0.54841E+00  0.58003E+00  0.64275E+00
  0.37002E+00 -0.13245E+01 -0.13199E+01 -0.13161E+01 -0.13161E+01 -0.13161E+01 -0.13097E+01 -0.13066E+01 -0.46579E+00 -0.46579E+00 -0.45663E+00 -0.45593E+00 -0.45478E+00 -0.45478E+00 -0.43967E+00 -0.42770E+00 -0.42770E+00 -0.42484E+00 -0.42070E+00 -0.41718E+00 -0.41718E+00 -0.41128E+00 -0.40461E+00 -0.39099E+00 -0.39099E+00 -0.38353E+00 -0.38353E+00 -0.37907E+00 -0.37698E+00  0.37945E+00  0.48894E+00  0.53197E+00  0.53197E+00  0.55038E+00  0.58231E+00  0.64477E+00
  0.39178E+00 -0.13236E+01 -0.13209E+01 -0.13161E+01 -0.13161E+01 -0.13161E+01 -0.13098E+01 -0.13066E+01 -0.46292E+00 -0.46292E+00 -0.45686E+00 -0.45686E+00 -0.45517E+00 -0.45504E+00 -0.43512E+00 -0.42673E+00 -0.42637E+00 -0.42637E+00 -0.42539E+00 -0.41954E+00 -0.41954E+00 -0.41177E+00 -0.40441E+00 -0.39028E+00 -0.39028E+00 -0.38432E+00 -0.38432E+00 -0.37906E+00 -0.37698E+00  0.38109E+00  0.48742E+00  0.53193E+00  0.53193E+00  0.55184E+00  0.58377E+00  0.64282E+00
  0.41355E+00 -0.13230E+01 -0.13214E+01 -0.13161E+01 -0.13161E+01 -0.13161E+01 -0.13098E+01 -0.13066E+01 -0.46106E+00 -0.46106E+00 -0.45847E+00 -0.45847E+00 -0.45493E+00 -0.45446E+00 -0.43111E+00 -0.42944E+00 -0.42742E+00 -0.42555E+00 -0.42555E+00 -0.42070E+00 -0.42070E+00 -0.41192E+00 -0.40435E+00 -0.38999E+00 -0.38999E+00 -0.38463E+00 -0.38463E+00 -0.37906E+00 -0.37698E+00  0.38166E+00  0.48688E+00  0.53192E+00  0.53192E+00  0.55238E+00  0.58426E+00  0.64189E+00
  0.43531E+00 -0.13230E+01 -0.13215E+01 -0.13167E+01 -0.13161E+01 -0.13154E+01 -0.13098E+01 -0.13067E+01 -0.46103E+00 -0.46096E+00 -0.45858E+00 -0.45847E+00 -0.45475E+00 -0.45438E+00 -0.43143E+00 -0.43015E+00 -0.42941E+00 -0.42505E+00 -0.42355E+00 -0.42072E+00 -0.42050E+00 -0.41175E+00 -0.40418E+00 -0.39011E+00 -0.38987E+00 -0.38487E+00 -0.38467E+00 -0.37900E+00 -0.37705E+00  0.38165E+00  0.48701E+00  0.53117E+00  0.53168E+00  0.55285E+00  0.58524E+00  0.64183E+00
  0.45599E+00 -0.13229E+01 -0.13215E+01 -0.13173E+01 -0.13160E+01 -0.13148E+01 -0.13098E+01 -0.13068E+01 -0.46093E+00 -0.46065E+00 -0.45885E+00 -0.45845E+00 -0.45426E+00 -0.45414E+00 -0.43229E+00 -0.43208E+00 -0.43168E+00 -0.42415E+00 -0.42085E+00 -0.42079E+00 -0.42001E+00 -0.41121E+00 -0.40368E+00 -0.39045E+00 -0.38949E+00 -0.38554E+00 -0.38480E+00 -0.37888E+00 -0.37728E+00  0.38160E+00  0.48742E+00  0.52907E+00  0.53103E+00  0.55421E+00  0.58800E+00  0.64165E+00
  0.47667E+00 -0.13228E+01 -0.13215E+01 -0.13179E+01 -0.13160E+01 -0.13141E+01 -0.13099E+01 -0.13069E+01 -0.46078E+00 -0.46014E+00 -0.45918E+00 -0.45844E+00 -0.45374E+00 -0.45356E+00 -0.43474E+00 -0.43353E+00 -0.43349E+00 -0.42336E+00 -0.42091E+00 -0.41939E+00 -0.41812E+00 -0.41032E+00 -0.40285E+00 -0.39102E+00 -0.38890E+00 -0.38656E+00 -0.38502E+00 -0.37879E+00 -0.37763E+00  0.38152E+00  0.48810E+00  0.52601E+00  0.53012E+00  0.55626E+00  0.59215E+00  0.64083E+00
  0.49734E+00 -0.13227E+01 -0.13215E+01 -0.13185E+01 -0.13159E+01 -0.13135E+01 -0.13099E+01 -0.13072E+01 -0.46058E+00 -0.45952E+00 -0.45942E+00 -0.45844E+00 -0.45318E+00 -0.45271E+00 -0.43736E+00 -0.43541E+00 -0.43497E+00 -0.42280E+00 -0.42106E+00 -0.41878E+00 -0.41542E+00 -0.40910E+00 -0.40173E+00 -0.39181E+00 -0.38812E+00 -0.38782E+00 -0.38539E+00 -0.37879E+00 -0.37807E+00  0.38142E+00  0.48905E+00  0.52241E+00  0.52911E+00  0.55881E+00  0.59725E+00  0.63699E+00
  0.51802E+00 -0.13226E+01 -0.13216E+01 -0.13190E+01 -0.13158E+01 -0.13128E+01 -0.13099E+01 -0.13074E+01 -0.46035E+00 -0.45984E+00 -0.45851E+00 -0.45847E+00 -0.45244E+00 -0.45176E+00 -0.43991E+00 -0.43737E+00 -0.43651E+00 -0.42246E+00 -0.42123E+00 -0.41825E+00 -0.41278E+00 -0.40760E+00 -0.40036E+00 -0.39281E+00 -0.38928E+00 -0.38719E+00 -0.38592E+00 -0.37893E+00 -0.37855E+00  0.38132E+00  0.49029E+00  0.51855E+00  0.52813E+00  0.56169E+00  0.60297E+00  0.63269E+00
  0.53870E+00 -0.13224E+01 -0.13216E+01 -0.13195E+01 -0.13157E+01 -0.13121E+01 -0.13100E+01 -0.13078E+01 -0.46010E+00 -0.46009E+00 -0.45851E+00 -0.45741E+00 -0.45154E+00 -0.45072E+00 -0.44236E+00 -0.43931E+00 -0.43808E+00 -0.42227E+00 -0.42141E+00 -0.41783E+00 -0.41021E+00 -0.40590E+00 -0.39880E+00 -0.39403E+00 -0.39090E+00 -0.38666E+00 -0.38617E+00 -0.37922E+00 -0.37900E+00  0.38121E+00  0.49182E+00  0.51467E+00  0.52726E+00  0.56469E+00  0.60901E+00  0.62827E+00
  0.55938E+00 -0.13221E+01 -0.13216E+01 -0.13200E+01 -0.13156E+01 -0.13115E+01 -0.13100E+01 -0.13082E+01 -0.46032E+00 -0.45981E+00 -0.45860E+00 -0.45613E+00 -0.45047E+00 -0.44964E+00 -0.44471E+00 -0.44120E+00 -0.43959E+00 -0.42218E+00 -0.42159E+00 -0.41753E+00 -0.40774E+00 -0.40407E+00 -0.39711E+00 -0.39543E+00 -0.39263E+00 -0.38763E+00 -0.38509E+00 -0.37968E+00 -0.37938E+00  0.38112E+00  0.49364E+00  0.51089E+00  0.52654E+00  0.56761E+00  0.61511E+00  0.62409E+00
  0.58005E+00 -0.13219E+01 -0.13217E+01 -0.13204E+01 -0.13156E+01 -0.13109E+01 -0.13101E+01 -0.13087E+01 -0.46047E+00 -0.45955E+00 -0.45872E+00 -0.45469E+00 -0.44925E+00 -0.44858E+00 -0.44691E+00 -0.44302E+00 -0.44099E+00 -0.42212E+00 -0.42175E+00 -0.41732E+00 -0.40540E+00 -0.40216E+00 -0.39701E+00 -0.39536E+00 -0.39445E+00 -0.38884E+00 -0.38400E+00 -0.38030E+00 -0.37965E+00  0.38104E+00  0.49577E+00  0.50731E+00  0.52600E+00  0.57014E+00  0.62058E+00  0.62096E+00
  0.60073E+00 -0.13217E+01 -0.13216E+01 -0.13208E+01 -0.13155E+01 -0.13103E+01 -0.13101E+01 -0.13092E+01 -0.46057E+00 -0.45930E+00 -0.45887E+00 -0.45315E+00 -0.44892E+00 -0.44788E+00 -0.44768E+00 -0.44475E+00 -0.44209E+00 -0.42207E+00 -0.42189E+00 -0.41720E+00 -0.40325E+00 -0.40022E+00 -0.39869E+00 -0.39633E+00 -0.39362E+00 -0.39024E+00 -0.38295E+00 -0.38107E+00 -0.37982E+00  0.38100E+00  0.49820E+00  0.50399E+00  0.52568E+00  0.57190E+00  0.61819E+00  0.62625E+00
  0.62141E+00 -0.13217E+01 -0.13212E+01 -0.13212E+01 -0.13155E+01 -0.13101E+01 -0.13097E+01 -0.13097E+01 -0.46060E+00 -0.45907E+00 -0.45907E+00 -0.45205E+00 -0.45017E+00 -0.44728E+00 -0.44638E+00 -0.44638E+00 -0.44256E+00 -0.42199E+00 -0.42199E+00 -0.41716E+00 -0.40191E+00 -0.39988E+00 -0.39826E+00 -0.39826E+00 -0.39227E+00 -0.39148E+00 -0.38196E+00 -0.38196E+00 -0.37987E+00  0.38098E+00  0.50094E+00  0.50094E+00  0.52557E+00  0.57254E+00  0.61734E+00  0.63065E+00
# EFERMI (HARTREE)   -0.13348
